3716
8943
5070
7179
482
34
4008
7699
9847
8551
5246
8294
5528
7492
9675
6188
3160
3611
9503
6854
1131
1388
2793
3329
9197
5919
4044
547
8801
979
7453
3982
9101
8842
2552
835
9241
8185
2539
3322
5269
5805
3616
1335
2533
6816
4706
5364
1725
4008
3273
7340
1919
2621
7957
8225
7875
5419
7927
3632
8153
3190
6045
7180
5015
4075
7808
9955
5900
9347
3182
202
6272
390
532
6267
3306
6464
3993
9678
6286
6088
3312
6619
5143
5866
5309
78
3015
4454
2995
5652
4190
6758
52
3123
5908
2629
762
6934
1888
1697
84
8655
1840
1565
9982
3904
8307
5558
1240
2737
8613
1360
6389
8000
3462
7278
6751
3750
7397
6520
7331
1798
6245
9399
1021
5041
767
4437
4452
3941
6112
2458
680
6660
7384
3761
2390
8965
3834
4417
4591
3714
9409
9851
8150
1721
7764
4316
419
4705
7792
109
560
9307
2696
933
936
4091
9346
9118
8952
8807
2704
6768
6927
6608
9962
4289
7134
5461
981
8984
1962
1535
5501
1838
4482
9665
2518
8788
2769
7971
339
4129
59
5944
13
9677
6673
5794
3235
7211
1467
3674
6421
4579
4207
455
8518
6774
5514
4986
3086
4975
5878
6882
3776
5132
9639
7865
2829
8692
6284
9368
8489
8491
1594
4829
8520
9738
2204
2330
5913
3989
9894
9998
3464
8597
9437
5603
4278
7409
9729
947
8941
6144
81
4370
1699
1166
9312
8760
4072
6619
3075
9663
582
6678
2167
6074
3621
1550
7693
8597
8475
803
3500
4081
7186
9856
7383
7256
6877
9357
6545
747
4554
5212
7391
6690
9314
8166
2314
1276
3025
3513
7818
9538
3556
7224
6880
5461
227
7947
1632
2907
4274
5282
6917
374
2425
2040
4202
5966
134
3024
1690
3288
9597
6633
8547
4465
8554
1961
781
5469
5952
5807
1491
2107
7074
7172
8388
3703
315
3327
986
1583
9117
9531
9252
6807
1988
9955
7203
6487
4515
4123
765
5861
2174
7704
9849
9046
4777
7133
711
5285
5009
3467
4261
4537
5204
7355
7468
7339
8734
8324
8788
3263
2318
5646
998
5389
4243
7862
9746
8409
7319
3201
898
9165
923
8697
7177
6820
1757
6237
5663
7266
304
7189
2569
4128
4148
3186
9497
9565
7778
5030
3454
7656
5718
3236
7788
9537
6040
8278
6882
8550
2225
9413
8139
1133
3158
3958
3513
6498
5933
7643
1890
9042
716
780
8145
4442
9497
8787
1717
507
3099
3555
8266
6200
2882
7109
4609
204
9460
9154
6846
940
2637
3952
2930
5085
4735
8894
4179
9739
6977
5133
326
977
9972
1552
9916
8343
1286
4661
6288
8192
2487
8813
2430
7446
3527
4753
7004
5286
3743
9366
9107
7911
4733
5717
5315
2314
7411
4554
2584
6430
3088
4569
6486
8960
3258
5897
1313
6451
9018
4372
1861
3243
7668
3450
1175
9524
2108
4060
6520
3035
1584
2756
6003
3723
6770
3526
7846
2027
5844
7497
9169
1352
5688
4627
5670
7657
4565
89
5549
8155
1121
4593
3133
9653
9870
6838
8203
5492
1504
199
2163
82
6706
3403
8122
4785
780
9713
7771
9517
3800
1466
7771
779
5377
4862
3630
1609
9294
2407
8762
7471
3677
4182
2787
2788
3319
555
6802
985
1259
414
385
7557
3657
2607
3362
3977
8066
7288
9929
3208
456
1339
7261
806
2449
8569
1476
6415
5083
6076
1487
7627
9817
7802
4462
2593
1291
5666
3313
4695
9174
2670
4226
1542
3326
8452
5463
469
9014
157
3686
2538
822
4256
5382
7961
2571
1416
9154
4066
926
440
8970
6874
6369
2285
3107
6987
3798
3880
2844
8028
2196
9875
8881
4460
2948
7116
869
6262
555
9285
4168
1333
2946
3539
4616
3444
9490
8703
8397
7471
8877
3499
9052
3902
2509
3505
719
654
2318
2982
9662
3327
9267
5114
4613
5233
2903
1088
8744
8296
5472
1715
5923
9509
6096
8284
181
4931
6999
1480
6252
9619
8064
5982
5655
7793
7965
4196
9143
2008
9053
6518
851
6983
3416
3444
6757
3567
2924
6968
6096
9026
1894
3195
901
6293
575
4668
7818
4229
9740
2198
4215
6162
4261
6025
8265
5122
7761
296
3374
3150
8274
1369
8930
7088
2839
5768
530
8240
2322
7511
7944
8650
2362
9751
374
1858
8870
8385
1283
2398
2502
9370
5429
7889
1098
8738
8767
937
5232
9327
2293
4575
7303
8948
2146
124
6147
6811
4753
1196
2808
2909
1369
3173
5850
5158
8212
4203
517
1462
8379
7277
4873
272
4094
6323
4020
1973
7316
3668
4805
3524
7077
1241
8694
4835
4773
9324
6241
9029
7589
5353
7804
8235
5396
9963
935
1682
9720
3470
4361
3853
4089
9424
3135
4970
5603
8023
4038
9400
3042
2236
329
4311
4973
2732
2842
9275
7009
691
71
1476
7126
302
662
638
7996
3150
9541
8709
606
856
6436
4138
52
2094
2346
3987
4070
8860
6941
5106
2521
6718
353
5666
1689
7252
8331
1697
1529
1709
9885
7610
7705
155
8661
2996
9132
3918
3982
5109
9707
259
9016
694
9460
4885
6079
9313
2736
2306
1354
2557
5510
8370
5014
7448
6305
3662
372
5281
5236
3604
1273
737
2853
1512
9116
5309
8693
8214
2996
4983
9654
9059
1645
513
8631
3277
21
9299
9140
6598
8978
4203
5520
2382
6759
5955
5681
7062
4624
1172
3479
9229
3033
3870
6200
2070
4001
2082
2595
7582
6796
2855
2662
7026
7106
3824
7761
8167
3654
9993
6346
2171
249
5316
7874
6372
213
1706
7346
6789
9682
5091
37
4925
9297
1987
4098
2151
9522
9630
3196
8084
1738
3294
3667
6222
891
5019
3810
6047
1004
7259
8131
6524
2295
1100
7399
2582
6523
5374
5731
6176
6064
7941
4115
3477
6388
6729
7181
4874
8060
4525
4202
8308
3501
7245
1090
3265
9574
7069
2866
329
8284
7466
7114
9373
7841
8883
463
260
9398
928
3816
7298
9340
2641
8340
8278
2956
1046
7077
1522
9660
5338
814
910